290910
252423
321474
321136
321079
320912
320214
320213
320113
320077
320020
320016
320004
319983
319972
319968
319967
319956
319943
319932
319900
319899
319887
319876
319856
319853
319835
319829
319823
319820
319794
319793
319792
319788
319764
319749
319747
319744
319723
319708
319706
319705
319695
319689
319684
319673
319661
319660
319657
319655
319651
319647
319644
319643
319641
319626
319593
319588
319586
319583
319580
319557
319559
319534
319527
319513
319507
319488
319484
319477
319478
319475
319468
319466
319453
319450
319447
319444
319409
319407
319405
319397
319396
319395
319391
319370
319321
319319
319316
319312
319304
319296
319285
319270
319264
319251
319247
319239
319230
319226
319225
319204
319200
319193
319187
319185
319177
319162
319154
319140
319134
319110
319084
319077
319066
319039
319029
319028
319013
318981
318972
318970
318967
318961
318962
318959
318934
318925
318922
318908
318893
318816
318801
318798
318788
318778
318769
318746
318725
318719
318687
318679
318663
318655
318646
318592
318583
318512
318505
318480
318454
318452
318447
318434
318430
318427
318421
318417
318409
318398
318394
318383
318370
318360
318326
318292
318279
318277
318265
318250
318228
318204
318203
318188
318182
318174
318163
318148
318145
318144
318136
318131
318127
318118
318109
318100
318092
318091
318082
318032
318024
318010
318000
317979
317962
317957
317948
317947
317890
317881
317878
317871
317864
317857
317849
317837
317741
317726
317724
317722
317717
317714
317711
317707
317705
317701
317697
317696
317690
317685
317650
317632
317628
317624
317617
317608
317605
317581
317577
317570
317568
317561
317528
317503
317495
317487
317484
317479
317475
317465
317466
317464
317459
317446
317445
317432
317430
317426
317424
317421
317420
317411
317410
317399
317380
317370
317364
317345
317334
317319
317304
317291
317282
317281
317267
317251
317246
317241
317238
317207
317181
317169
317158
317148
317129
317104
317089
317088
317087
317062
317061
317046
317037
317034
317029
317017
317016
317004
316998
316996
316989
316988
316983
316950
316933
316927
316923
316921
316915
316905
316901
316894
316881
316854
316848
316841
316818
316812
316780
316776
316772
316751
316713
316705
316700
316679
316662
316660
316656
316624
316623
316622
316620
316619
316618
316616
316614
316612
316609
316604
316597
316595
316594
316592
316590
316584
316583
316551
316547
316545
316543
316539
316527
316525
316524
316520
316515
316513
316507
316506
316488
316475
316464
316462
316460
316454
316452
316451
316448
316439
316429
316427
316424
316415
316410
316397
316395
316387
316383
316379
316374
316364
316350
316320
316317
316290
316285
316279
316276
316271
316262
316256
316245
316241
316231
316222
316207
316206
316171
316152
316139
316121
316119
316108
316104
316097
316095
316077
316071
316060
316046
316045
316036
316032
316030
316025
316026
315987
315981
315974
315963
315960
315956
315955
315946
315945
315932
315931
315929
315920
315913
315911
315910
315892
315890
315888
315873
315866
315862
315854
315845
315840
315816
315807
315790
315786
315783
315781
315779
315774
315769
315763
315739
315734
315700
315697
315649
315633
315630
315629
315628
315626
315623
315615
315614
315612
315600
315567
315535
315506
315474
315461
315450
315422
315421
315420
315369
315367
315361
315341
315318
315267
315257
315241
315231
315228
315227
315216
315212
315204
315203
315194
315191
315185
315183
315181
315177
315176
315172
315153
315151
315149
315145
315143
315138
315129
315127
315122
315119
315103
315101
315098
315088
315087
315083
315075
315074
315073
315072
315070
315035
315031
315023
315021
315010
315009
315003
315002
315001
314999
314998
314973
314956
314945
314933
314910
314907
314904
314901
314897
314896
314893
314892
314891
314889
314869
314868
314867
314862
314857
314847
314843
314835
314834
314810
314803
314799
314793
314790
314786
314784
314777
314774
314769
314767
314763
314760
314759
314758
314755
314753
314748
314745
314743
314739
314737
314736
314727
314720
314714
314651
314619
314615
314612
314600
314595
314589
314577
314576
314571
314548
314545
314542
314541
314528
314525
314522
314517
314512
314509
314508
314495
314478
314473
314451
314445
314443
314442
314437
314426
314400
314399
314356
314343
314342
314340
314327
314322
314318
314290
314272
314266
314234
314232
314212
314209
314207
314206
314204
314145
314142
314131
314119
314115
314060
314029
314028
314019
314017
314015
314003
314001
313997
313996
313980
313976
313959
313957
313937
313901
313899
313888
313878
313877
313875
313847
313840
313815
313799
313761
313749
313725
313700
313695
313691
313690
313679
313660
313657
313635
313630
313628
313616
313608
313605
313593
313592
313586
313585
313569
313566
313565
313564
313557
313556
313552
313541
313538
313504
313500
313497
313495
313466
313458
313450
313446
313433
313429
313418
313411
313404
313402
313389
313372
313370
313368
313365
313353
313341
313339
313337
313334
313328
313320
313315
313291
313286
313282
313272
313262
313233
313229
313223
313221
313215
313214
313210
313199
313186
313170
313167
313165
313160
313151
313143
313141
313139
313137
313134
313131
313127
313123
313116
313105
313104
313103
313097
313090
313087
313078
313075
313057
313045
313041
313029
313019
313009
312992
312980
312976
312971
312970
312968
312961
312953
312949
312947
312944
312941
312940
312930
312928
312925
312921
312920
312919
312917
312913
312911
312909
312908
312907
312892
312888
312886
312885
312884
312883
312881
312880
312878
312875
312867
312858
312857
312853
312847
312837
312836
312834
312831
312827
312826
312809
312805
312798
312795
312794
312792
312791
312785
312783
312781
312776
312771
312765
312757
312756
312754
312752
312750
312749
312733
312732
312726
312723
312720
312719
312716
312711
312706
312692
312689
312672
312657
312655
312648
312645
312643
312640
312634
312628
312623
312621
312619
312607
312604
312599
312596
312591
312589
312580
312572
312564
312542
312540
312536
312525
312519
312511
312505
312502
312498
312490
312488
312485
312483
312481
312476
312448
312446
312443
312438
312436
312434
312433
312424
312418
312414
312408
312406
312400
312398
312364
312362
312358
312357
312352
312343
312342
312335
312328
312324
312321
312320
312318
312317
312304
312288
312286
312277
312274
312273
312272
312267
312260
312257
312256
312252
312237
312235
312222
312218
312216
312207
312205
312202
312201
312198
312197
312193
312189
312184
312177
312175
312174
312167
312160
312156
312154
312142
312138
312133
312119
312112
312104
312097
312087
312066
312064
312054
312049
312040
312039
312032
312029
312022
312014
312011
312009
312000
311995
311994
311993
311992
311988
311979
311973
311968
311964
311959
311947
311946
311944
311935
311926
311924
311921
311917
311915
311912
311911
311904
311902
311900
311889
311880
311879
311875
311872
311854
311864
311862
311861
311856
311852
311849
311846
311845
311844
311843
311838
311837
311832
311830
311827
311825
311815
311812
311810
311807
311800
311794
311790
311789
311786
311783
311774
311769
311768
311763
311761
311756
311752
311751
311749
311732
311730
311725
311724
311723
311722
311720
311717
311709
311706
311703
311702
311690
311687
311685
311684
311681
311679
311675
311671
311670
311668
311663
311659
311658
311654
311653
311651
311648
311636
311635
311634
311633
311622
311616
311614
311613
311608
311607
311605
311596
311587
311582
311557
311554
311547
311545
311543
311534
311531
311528
311527
311526
311525
311524
311520
311519
311518
311516
311513
311509
311507
311506
311504
311503
311493
311488
311479
311477
311473
311469
311468
311467
311466
311456
311452
311439
311437
311428
311427
311425
311424
311421
311416
311413
311409
311407
311405
311389
311377
311369
311366
311362
311361
311359
311358
311356
311353
311350
311349
311347
311343
311340
311333
311329
311326
311324
311323
311320
311308
311303
311302
311300
311288
311279
311275
311268
311249
311248
311239
311224
311223
311222
311217
311205
311203
311202
311194
311191
311188
311186
311184
311183
311174
311171
311169
311168
311167
311160
311157
311154
311153
311152
311151
311150
311145
311142
311141
311139
311137
311133
311131
311127
311122
311118
311117
311114
311113
311108
311103
311093
311089
311087
311083
311072
311069
311058
311051
311050
311044
311031
311030
311029
311028
311026
311023
311022
311020
311019
311018
311017
311016
311014
311008
311007
311005
310992
310989
310984
310983
310978
310971
310970
310967
310966
310965
310964
310963
310957
310954
310953
310933
310929
310926
310923
310919
310916
310914
310908
310903
310899
310895
310894
310892
310890
310889
310887
310883
310879
310875
310864
310862
310857
310846
310838
310832
310805
310800
310788
310783
310780
310774
310771
310769
310767
310760
310751
310740
310720
310716
310712
310711
310709
310693
310654
310653
310645
310643
310642
310577
310554
310536
310485
310481
310455
310430
310419
310416
310412
310406
310397
310375
310373
310352
310336
310318
310313
310289
310278
310275
310266
310261
310258
310257
310253
310235
310226
310211
310205
310200
310199
310198
310192
310187
310184
310181
310175
310173
310168
310167
310166
310163
310158
310151
310148
310147
310137
310133
310123
310101
310090
310082
310081
310077
310068
310043
310031
310030
310029
310026
310014
310010
309996
309981
309980
309969
309967
309955
309950
309945
309944
309942
309937
309927
309921
309922
309895
309892
309882
309869
309867
309865
309861
309858
309856
309837
309835
309833
309830
309827
309826
309822
309814
309802
309789
309779
309777
309776
309773
309755
309750
309738
309737
309730
309729
309715
309712
309710
309709
309706
309707
309704
309679
309675
309664
309637
309628
309624
309620
309619
309616
309615
309601
309600
309596
309588
309587
309586
309583
309581
309580
309573
309572
309571
309568
309563
309562
309559
309546
309545
309540
309537
309533
309527
309521
309514
309513
309506
309501
309491
309490
309489
309478
309476
309473
309462
309460
309456
309448
309441
309440
309436
309432
309429
309425
309424
309419
309415
309414
309413
309411
309408
309406
309401
309392
309387
309383
309373
309368
309366
309361
309349
309335
309333
309327
309325
309319
309317
309312
309306
309300
309295
309294
309284
309281
309278
309271
309267
309264
309263
309262
309259
309258
309256
309254
309238
309237
309229
309217
309214
309212
309207
309199
309195
309190
309189
309186
309182
309181
309178
309168
309161
309157
309154
309143
309142
309140
309139
309138
309134
309133
309132
309126
309125
309124
309121
309120
309119
309116
309110
309108
309107
309100
309097
309092
309091
309089
309088
309084
309081
309075
309073
309062
309058
309056
309055
309053
309052
309050
309038
309031
309027
309025
309022
309020
309016
309013
309012
309010
309006
309005
309004
308998
308997
308989
308987
308983
308982
308973
308971
308967
308954
308952
308947
308930
308928
308922
308920
308913
308895
308886
308884
308859
308855
308854
308853
308843
308842
308831
308823
308821
308816
308804
308803
308793
308789
308786
308785
308779
308777
308776
308774
308771
308768
308766
308763
308761
308760
308757
308755
308754
308753
308746
308745
308738
308737
308735
308733
308731
308720
308699
308691
308686
308677
308668
308665
308662
308658
308652
308628
308625
308624
308620
308619
308618
308610
308608
308603
308596
308595
308594
308593
308583
308581
308561
308550
308546
308539
308536
308534
308531
308525
308522
308517
308511
308506
308498
308482
308481
308478
308475
308460
308458
308456
308454
308449
308446
308440
308438
308431
308426
308424
308423
308418
308393
308390
308387
308386
308379
308375
308352
308348
308347
308334
308330
308313
308310
308307
308306
308304
308303
308301
308300
308296
308291
308270
308264
308262
308259
308257
308254
308250
308243
308231
308230
308227
308223
308213
308212
308209
308200
308186
308183
308181
308182
308175
308173
308172
308164
308160
308152
308151
308146
308144
308142
308137
308133
308117
308116
308105
308104
308096
308091
308088
308084
308083
308067
308060
308051
308049
308046
308045
308038
308036
308034
308031
308016
308013
308010
308008
308004
307994
307989
307986
307985
307983
307982
307978
307967
307957
307956
307955
307953
307947
307945
307944
307939
307938
307916
307912
307903
307899
307897
307891
307890
307886
307873
307851
307832
307826
307824
307822
307817
307816
307815
307811
307810
307784
307783
307779
307774
307772
307771
307770
307768
307765
307752
307747
307742
307733
307721
307718
307715
307711
307707
307704
307702
307694
307688
307684
307682
307679
307677
307669
307668
307665
307663
307660
307656
307645
307637
307632
307624
307623
307620
307613
307603
307600
307583
307569
307560
307548
307546
307540
307536
307508
307505
307497
307494
307475
307465
307459
307450
307446
307443
307432
307402
307379
307310
307302
307293
307280
307235
307213
307211
307188
307185
307163
307152
307147
307143
307139
307136
307129
307122
307110
307074
307073
307072
307065
307056
307046
307036
307031
307030
307028
307020
307015
307013
307012
307006
307002
306995
306988
306974
306972
306965
306944
306935
306933
306927
306922
306921
306919
306914
306912
306906
306890
306889
306884
306878
306868
306845
306841
306838
306835
306816
306807
306804
306802
306797
306772
306769
306760
306736
306731
306728
306675
306656
306643
306635
306627
306614
306602
306600
306593
306591
306580
306573
306572
306543
306534
306500
306483
306455
306452
306451
306447
306441
306437
306436
306432
306428
306425
306420
306418
306413
306411
306398
306396
306362
306360
306353
306329
306327
306326
306317
306315
306312
306304
306300
306299
306262
306207
306204
306198
306196
306162
306157
306150
306148
306134
306118
306114
306097
306093
306059
306051
306045
306030
306023
306012
306011
305997
305993
305991
305989
305985
305974
305972
305967
305951
305948
305904
305900
305885
305866
305828
305826
305825
305817
305807
305806
305799
305779
305774
305746
305712
305703
305697
305693
305684
305677
305676
305673
305653
305651
305635
305621
305618
305617
305611
305604
305603
305588
305549
305542
305522
305511
305499
305495
305478
305474
305472
305470
305469
305450
305445
305444
305389
305387
305370
305368
305367
305363
305358
305351
305349
305348
305341
305326
305312
305311
305305
305300
305296
305269
305233
305226
305223
305201
305198
305196
305190
305185
305183
305179
305176
305168
305167
305165
305164
305156
305155
305154
305151
305140
305120
305116
305115
305113
305111
305110
305104
305094
305089
305078
305076
305057
305056
305046
305040
305019
304978
304962
304961
304959
304954
304943
304939
304936
304933
304930
304929
304927
304924
304920
304919
304918
304911
304909
304896
304879
304863
304862
304860
304859
304838
304828
304825
304816
304813
304810
304808
304801
304794
304789
304782
304763
304737
304705
304684
304662
304617
304605
304582
304581
304580
304574
304573
304572
304571
304569
304568
304567
304544
304541
304538
304487
304482
304458
304420
304412
304380
304332
304327
304299
304233
304230
304216
304215
304211
304174
304144
304140
304069
304053
304044
304036
304034
304007
303994
303986
303983
303975
303973
303966
303960
303949
303934
303930
303926
303911
303909
303908
303905
303895
303889
303882
303864
303863
303858
303854
303846
303837
303836
303828
303804
303781
303777
303775
303770
303763
303745
303726
303720
303709
303708
303699
303681
303680
303672
303663
303642
303624
303621
303611
303605
303595
303585
303574
303569
303556
303552
303543
303539
303523
303520
303509
303507
303484
303471
303467
303466
303462
303451
303448
303442
303440
303434
303425
303423
303422
303420
303412
303407
303405
303403
303398
303393
303385
303383
303381
303374
303373
303371
303359
303338
303333
303310
303301
303294
303287
303277
303275
303272
303270
303264
303250
303245
303231
303230
303202
303199
303196
303195
303190
303184
303181
303178
303170
303168
303162
303140
303135
303134
303123
303118
303117
303116
303114
303108
303097
303096
303095
303092
303091
303081
303078
303058
303053
303046
303045
303044
303043
303042
303040
303037
303036
303035
303034
303032
303031
303030
303029
303027
303022
303014
302954
302951
302934
302930
302922
302917
302908
302883
302880
302878
302865
302864
302855
302852
302807
302793
302792
302790
302786
302774
302766
302750
302745
302742
302736
302734
302733
302732
302731
302730
302728
302722
302717
302709
302706
302705
302704
302703
302702
302695
302681
302666
302661
302654
302653
302652
302648
302644
302642
302625
302602
302599
302590
302585
302581
302565
302550
302534
302533
302505
302504
302492
302485
302467
302466
302461
302457
302424
302406
302400
302399
302398
302397
302395
302376
302366
302360
302352
302349
302334
302333
302329
302326
302313
302310
302307
302305
302303
302302
302288
302270
302217
302206
302152
302147
302134
302128
302114
302113
302085
302079
302053
302052
302046
302035
302014
301999
301991
301986
301984
301983
301980
301970
301967
301966
301941
301940
301902
301878
301872
301840
301832
301819
301814
301811
301809
301808
301807
301800
301797
301784
301745
301727
301725
301689
301687
301686
301685
301683
301677
301674
301673
301669
301664
301655
301644
301622
301605
301590
301562
301546
301537
301536
301532
301531
301529
301528
301526
301525
301524
301523
301511
301480
301470
301462
301451
301450
301433
301353
301346
301307
301296
301288
301279
301210
301196
301175
301159
301157
301155
301126
301110
301095
301081
301080
301069
301062
300980
300955
300935
300926
300923
300913
300895
300888
300878
300876
300861
300856
300854
300845
300814
300812
300805
300790
300758
300708
300699
300697
300692
300691
300684
300629
300628
300612
300589
300580
300570
300563
300552
300544
300542
300534
300523
300510
300500
300498
300497
300495
300490
300488
300487
300485
300480
300465
300464
300441
300440
300423
300418
300407
300400
300399
300395
300393
300392
300389
300383
300382
300377
300367
300364
300358
300350
300344
300342
300331
300275
300254
300237
300234
300233
300231
300216
300211
300205
300200
300193
300179
300169
300165
300162
300163
300160
300152
300135
300133
300121
300116
300115
300112
300103
300093
300089
300085
300062
300042
300021
300017
300013
299989
299986
299978
299973
299971
299968
299966
299963
299959
299958
299954
299952
299949
299941
299934
299915
299912
299902
299901
299900
299895
299891
299886
299870
299868
299867
299865
299862
299850
299848
299843
299840
299838
299816
299815
299806
299785
299777
299775
299774
299772
299768
299757
299755
299743
299736
299734
299733
299726
299722
299719
299717
299700
299692
299687
299683
299682
299670
299657
299656
299642
299628
299627
299624
299620
299619
299617
299596
299587
299586
299583
299568
299566
299556
299553
299544
299543
299540
299538
299527
299523
299522
299520
299500
299497
299498
299491
299471
299466
299465
299460
299458
299456
299455
299451
299448
299445
299440
299419
299413
299412
299403
299401
299399
299393
299388
299378
299373
299370
299359
299354
299352
299350
299342
299334
299320
299317
299314
299308
299303
299292
299290
299283
299281
299271
299266
299264
299260
299254
299252
299253
299250
299249
299248
299237
299234
299219
299212
299210
299181
299174
299173
299167
299166
299165
299163
299161
299159
299151
299150
299148
299149
299147
299146
299140
299136
299127
299112
299108
299101
299097
299091
299085
299084
299082
299065
299052
299045
299044
299036
299029
299023
299018
299016
299013
298973
298970
298968
298966
298952
298947
298944
298931
298930
298927
298923
298918
298913
298908
298904
298896
298895
298893
298886
298885
298876
298870
298869
298868
298867
298863
298850
298848
298845
298844
298830
298819
298804
298800
298779
298760
298758
298741
298734
298733
298718
298712
298691
298681
298675
298667
298662
298660
298631
298629
298618
298614
298612
298607
298601
298593
298591
298588
298586
298584
298582
298580
298578
298577
298576
298574
298538
298536
298527
298526
298522
298521
298514
298511
298507
298505
298504
298495
298488
298482
298481
298476
298471
298467
298463
298460
298458
298454
298453
298450
298448
298442
298440
298435
298433
298431
298428
298427
298419
298418
298416
298412
298407
298393
298391
298384
298379
298370
298366
298359
298358
298355
298351
298350
298349
298344
298343
298332
298331
298326
298318
298315
298297
298296
298290
298286
298285
298283
298280
298257
298254
298250
298248
298243
298241
298238
298227
298215
298209
298208
298203
298201
298195
298194
298192
298190
298187
298184
298180
298167
298166
298164
298159
298154
298137
298135
298134
298130
298129
298126
298122
298121
298120
298118
298113
298111
298110
298108
298109
298107
298098
298086
298083
298077
298075
298071
298065
298061
298057
298055
298053
298050
298045
298044
298040
298028
298023
298022
298020
298019
298010
297998
297994
297987
297982
297978
297976
297975
297970
297967
297953
297952
297951
297949
297941
297939
297937
297933
297930
297929
297927
297924
297922
297905
297899
297895
297894
297889
297886
297884
297877
297869
297864
297863
297859
297857
297850
297849
297845
297844
297833
297829
297826
297823
297821
297814
297810
297807
297803
297802
297799
297798
297795
297788
297770
297769
297764
297760
297759
297756
297749
297748
297742
297741
297740
297738
297735
297732
297728
297725
297722
297700
297690
297688
297683
297674
297672
297668
297665
297662
297656
297655
297654
297652
297648
297646
297645
297640
297638
297635
297627
297618
297616
297604
297600
297599
297596
297592
297591
297590
297588
297585
297582
297580
297578
297569
297568
297567
297561
297557
297554
297549
297547
297539
297533
297531
297530
297526
297525
297519
297516
297513
297511
297502
297495
297493
297487
297488
297470
297469
297468
297464
297463
297460
297458
297456
297455
297450
297447
297442
297436
297435
297434
297414
297412
297402
297389
297388
297387
297382
297369
297358
297356
297354
297352
297347
297346
297343
297336
297332
297328
297325
297323
297315
297313
297310
297293
297291
297281
297260
297246
297242
297240
297238
297234
297233
297219
297215
297214
297204
297198
297197
297194
297193
297192
297188
297183
297180
297176
297174
297171
297170
297155
297149
297148
297145
297140
297137
297131
297126
297121
297120
297106
297098
297095
297089
297088
297087
297084
297071
297070
297063
297060
297058
297057
297056
297049
297044
297029
297009
296997
296992
296988
296986
296972
296971
296970
296969
296949
296934
296923
296873
296869
296836
296834
296811
296759
296754
296746
296729
296704
296700
296699
296692
296683
296664
296645
296635
296595
296575
296567
296553
296551
296548
296540
296527
296505
296501
296497
296484
296457
296456
296451
296448
296439
296437
296435
296433
296426
296411
296398
296377
296371
296364
296345
296336
296322
296317
296316
296313
296311
296308
296292
296274
296273
296268
296251
296246
296236
296231
296228
296225
296182
296170
296159
296130
296127
296120
296116
296102
296090
296076
296075
296064
296052
296045
296031
296020
296021
296016
296011
296000
295981
295978
295977
295974
295964
295965
295959
295952
295950
295947
295946
295940
295936
295926
295917
295897
295893
295892
295891
295889
295888
295886
295880
295873
295871
295867
295859
295853
295847
295844
295841
295835
295824
295822
295819
295817
295814
295812
295809
295801
295799
295783
295781
295780
295779
295777
295736
295735
295726
295721
295720
295718
295710
295701
295685
295684
295675
295673
295672
295669
295663
295660
295658
295651
295646
295640
295636
295634
295629
295627
295625
295621
295619
295618
295617
295613
295607
295606
295593
295592
295588
295583
295580
295575
295573
295572
295568
295562
295560
295551
295547
295546
295545
295543
295541
295540
295537
295536
295529
295519
295513
295505
295489
295479
295473
295466
295463
295459
295456
295454
295443
295429
295422
295419
295417
295416
295411
295409
295402
295398
295396
295394
295391
295390
295388
295387
295380
295370
295368
295367
295362
295356
295345
295343
295341
295337
295331
295330
295328
295309
295307
295306
295305
295303
295302
295300
295299
295291
295290
295284
295277
295265
295260
295239
295232
295228
295215
295213
295208
295207
295205
295203
295196
295189
295176
295175
295173
295165
295162
295160
295159
295158
295157
295156
295151
295150
295142
295138
295122
295120
295115
295101
295100
295097
295093
295079
295076
295075
295074
295072
295071
295070
295068
295066
295053
295052
295047
295043
295036
295034
295032
295022
295007
295005
295002
294999
294998
294995
294994
294993
294990
294988
294971
294966
294965
294963
294961
294959
294948
294942
294939
294938
294936
294932
294931
294927
294910
294906
294900
294897
294888
294886
294880
294873
294869
294865
294858
294854
294848
294844
294843
294825
294821
294819
294814
294809
294793
294788
294779
294774
294772
294770
294766
294765
294764
294763
294758
294754
294748
294743
294740
294733
294722
294719
294709
294704
294703
294698
294693
294672
294673
294667
294661
294659
294656
294645
294644
294639
294638
294637
294626
294625
294624
294623
294622
294619
294614
294610
294605
294602
294597
294596
294571
294561
294556
294553
294551
294550
294549
294530
294529
294524
294523
294520
294518
294517
294509
294508
294497
294496
294491
294472
294467
294462
294454
294453
294446
294442
294437
294433
294432
294431
294423
294421
294419
294418
294416
294413
294408
294407
294405
294403
294388
294380
294379
294378
294375
294374
294369
294364
294360
294356
294355
294354
294352
294349
294348
294346
294337
294333
294328
294326
294319
294310
294309
294307
294306
294305
294294
294291
294285
294282
294279
294276
294275
294271
294267
294259
294256
294249
294243
294239
294236
294234
294233
294229
294228
294222
294218
294212
294210
294192
294170
294169
294155
294146
294143
294139
294137
294133
294129
294128
294124
294121
294120
294108
294106
294098
294089
294081
294080
294079
294078
294067
294066
294065
294059
294054
294053
294052
294051
294048
294032
294033
294026
294024
294017
294015
294012
294010
294006
294002
293973
293968
293961
293960
293958
293947
293942
293931
293926
293925
293924
293917
293903
293900
293892
293891
293886
293882
293876
293873
293872
293868
293866
293853
293852
293844
293840
293838
293836
293835
293832
293821
293818
293816
293813
293799
293798
293797
293795
293792
293787
293782
293780
293776
293774
293773
293766
293748
293747
293746
293745
293739
293736
293728
293722
293720
293719
293716
293715
293703
293701
293699
293691
293690
293686
293683
293679
293672
293668
293662
293655
293653
293650
293649
293643
293641
293637
293635
293632
293618
293617
293615
293612
293610
293608
293607
293597
293580
293574
293573
293564
293558
293557
293553
293552
293550
293548
293544
293543
293542
293540
293531
293529
293528
293525
293516
293515
293503
293498
293495
293492
293486
293477
293471
293469
293466
293463
293461
293457
293456
293453
293452
293448
293446
293442
293441
293434
293427
293423
293422
293418
293416
293402
293401
293399
293386
293380
293379
293375
293371
293367
293358
293328
293327
293317
293312
293307
293305
293304
293295
293292
293290
293288
293286
293285
293274
293272
293268
293267
293261
293260
293256
293252
293249
293246
293244
293239
293238
293232
293228
293224
293222
293214
293212
293210
293207
293197
293196
293194
293192
293180
293172
293167
293165
293164
293162
293157
293154
293153
293141
293134
293131
293129
293128
293124
293122
293120
293119
293118
293115
293107
293099
293088
293068
293064
293063
293057
293053
293043
293044
293039
293037
293030
293026
293021
293019
293018
293017
293005
293003
293002
292999
292996
292984
292981
292975
292973
292972
292971
292970
292969
292958
292951
292948
292942
292941
292934
292922
292917
292911
292905
292900
292892
292891
292888
292876
292874
292871
292863
292862
292858
292857
292854
292848
292840
292829
292824
292823
292817
292816
292814
292812
292809
292807
292797
292795
292790
292789
292782
292773
292769
292756
292743
292736
292726
292724
292721
292714
292707
292703
292700
292688
292686
292685
292668
292660
292658
292654
292652
292649
292637
292629
292627
292624
292623
292621
292612
292609
292606
292589
292582
292581
292579
292578
292576
292573
292574
292568
292567
292564
292558
292553
292547
292545
292542
292541
292534
292529
292524
292510
292506
292502
292497
292496
292481
292473
292468
292466
292464
292462
292446
292445
292442
292440
292437
292435
292429
292428
292423
292419
292412
292395
292386
292384
292376
292366
292361
292358
292351
292348
292338
292336
292326
292322
292319
292313
292302
292287
292286
292251
292250
292234
292226
292202
292196
292194
292191
292190
292148
292146
292143
292140
292135
292110
292109
292108
292106
292104
292084
292062
292025
292007
291953
291922
291915
291916
291906
291905
291877
291871
291870
291865
291864
291862
291841
291803
291795
291792
291789
291786
291784
291770
291765
291737
291736
291731
291726
291720
291712
291703
291693
291692
291689
291688
291608
291597
291594
291585
291584
291576
291572
291571
291570
291564
291560
291551
291513
291499
291487
291474
291446
291445
291425
291421
291414
291370
291365
291346
291341
291335
291334
291322
291323
291320
291315
291312
291313
291311
291307
291304
291273
291266
291259
291258
291256
291249
291247
291244
291243
291241
291237
291231
291201
291200
291185
291183
291181
291180
291152
291141
291138
291128
291114
291112
291103
291100
291083
291056
291054
291051
291045
291039
291033
291021
291017
291003
291000
290999
290989
290965
290955
290931
290929
290924
290923
290904
290879
290872
290871
290870
290859
290858
290854
290852
290838
290834
290829
290819
290807
290783
290781
290777
290775
290769
290766
290763
290753
290745
290736
290734
290727
290725
290722
290719
290715
290713
290701
290698
290695
290692
290687
290683
290673
290669
290664
290658
290647
290631
290609
290606
290604
290592
290591
290577
290573
290571
290562
290559
290555
290556
290547
290542
290534
290533
290532
290527
290525
290524
290521
290514
290513
290508
290498
290487
290486
290472
290469
290465
290463
290462
290450
290448
290444
290443
290433
290432
290429
290428
290423
290421
290420
290418
290408
290403
290400
290397
290396
290395
290385
290382
290380
290379
290373
290371
290368
290366
290365
290364
290359
290354
290352
290349
290348
290346
290340
290331
290327
290313
290312
290311
290308
290297
290294
290288
290287
290275
290252
290250
290246
290238
290236
290234
290233
290231
290229
290220
290218
290215
290214
290213
290212
290210
290206
290204
290203
290195
290186
290184
290182
290171
290165
290161
290159
290152
290151
290142
290143
290124
290117
290116
290115
290113
290109
290107
290102
290101
290100
290094
290080
290058
290059
290057
290052
290043
290026
290027
290021
290014
290013
290009
290008
290004
290001
290000
289996
289992
289986
289985
289984
289980
289975
289969
289961
289959
289949
289946
289940
289936
289931
289928
289927
289921
289900
289898
289897
289894
289893
289892
289887
289885
289882
289881
289877
289876
289871
289870
289868
289860
289857
289856
289852
289849
289847
289842
289841
289833
289826
289823
289811
289803
289800
289797
289787
289786
289783
289782
289777
289765
289757
289756
289751
289750
289741
289734
289725
289724
289722
289714
289711
289710
289708
289702
289689
289685
289670
289660
289653
289640
289632
289622
289618
289606
289605
289604
289602
289596
289593
289592
289591
289590
289579
289576
289575
289569
289564
289557
289550
289548
289547
289541
289542
289535
289533
289528
289524
289523
289506
289505
289503
289497
289491
289486
289480
289468
289465
289450
289447
289441
289437
289430
289429
289425
289424
289421
289420
289417
289416
289414
289398
289389
289385
289384
289379
289378
289374
289373
289366
289360
289356
289353
289351
289350
289348
289347
289346
289345
289342
289337
289333
289330
289329
289324
289311
289310
289305
289299
289296
289292
289274
289273
289271
289270
289269
289265
289264
289258
289259
289251
289249
289245
289240
289239
289237
289232
289231
289215
289212
289210
289203
289199
289198
289197
289193
289186
289182
289180
289179
289170
289166
289164
289163
289162
289160
289157
289156
289155
289152
289146
289144
289140
289130
289129
289127
289115
289113
289111
289107
289103
289102
289097
289092
289091
289090
289088
289085
289084
289080
289066
289060
289055
289048
289042
289041
289036
289033
289030
289024
289018
289017
289005
289004
289001
288996
288994
288991
288989
288987
288979
288978
288977
288974
288973
288972
288971
288968
288967
288966
288965
288963
288956
288954
288948
288944
288941
288938
288939
288934
288930
288929
288926
288925
288921
288920
288918
288917
288907
288901
288896
288893
288888
288865
288861
288851
288849
288846
288833
288824
288817
288812
288811
288810
288807
288805
288798
288793
288790
288782
288781
288777
288773
288754
288752
288744
288741
288740
288739
288734
288733
288732
288727
288726
288721
288720
288718
288714
288707
288699
288697
288694
288690
288687
288682
288681
288674
288671
288670
288668
288666
288664
288649
288646
288643
288634
288622
288617
288615
288602
288601
288589
288580
288573
288568
288566
288561
288558
288544
288542
288540
288538
288537
288536
288535
288534
288532
288530
288522
288519
288518
288517
288515
288511
288509
288507
288505
288494
288492
288490
288486
288482
288480
288471
288469
288470
288467
288465
288460
288457
288456
288449
288448
288445
288440
288438
288437
288434
288419
288407
288401
288399
288381
288378
288375
288373
288372
288369
288367
288366
288365
288358
288354
288351
288352
288346
288342
288341
288340
288334
288333
288325
288319
288309
288307
288301
288299
288297
288293
288288
288285
288286
288280
288277
288275
288272
288269
288268
288267
288263
288261
288259
288258
288254
288246
288245
288243
288237
288231
288230
288226
288225
288221
288219
288207
288204
288202
288199
288194
288190
288189
288183
288181
288179
288177
288173
288164
288161
288158
288156
288155
288151
288148
288134
288133
288132
288129
288123
288122
288120
288110
288111
288097
288089
288085
288082
288077
288070
288068
288067
288065
288059
288057
288051
288048
288043
288038
288034
288026
288024
288023
288014
288011
288001
288000
287997
287994
287992
287984
287977
287971
287966
287960
287958
287957
287953
287947
287946
287944
287941
287938
287934
287933
287932
287927
287923
287922
287920
287914
287911
287910
287907
287908
287904
287903
287901
287893
287887
287882
287881
287879
287871
287864
287860
287842
287838
287836
287827
287825
287824
287819
287817
287809
287808
287800
287797
287795
287792
287787
287786
287781
287779
287774
287773
287771
287770
287769
287767
287766
287765
287755
287753
287746
287742
287736
287735
287725
287723
287718
287719
287716
287717
287712
287707
287701
287697
287678
287671
287670
287667
287652
287650
287647
287645
287643
287644
287641
287640
287638
287633
287632
287630
287624
287622
287620
287619
287617
287614
287612
287607
287604
287603
287601
287599
287591
287585
287582
287580
287578
287577
287572
287570
287569
287561
287560
287555
287553
287551
287550
287544
287542
287541
287540
287536
287535
287526
287517
287505
287503
287499
287490
287489
287488
287487
287481
287479
287478
287476
287473
287472
287471
287461
287459
287458
287452
287451
287449
287447
287446
287443
287440
287439
287437
287434
287424
287422
287418
287413
287411
287408
287407
287398
287391
287381
287379
287376
287372
287371
287349
287338
287333
287332
287326
287321
287317
287302
287299
287298
287294
287292
287286
287283
287270
287264
287260
287255
287254
287253
287250
287247
287246
287245
287244
287240
287229
287221
287218
287215
287213
287212
287209
287208
287203
287199
287196
287191
287183
287181
287177
287176
287167
287165
287164
287162
287157
287156
287155
287152
287147
287146
287141
287140
287138
287136
287130
287128
287127
287126
287121
287117
287116
287112
287111
287106
287098
287080
287079
287078
287077
287076
287071
287062
287061
287060
287059
287056
287054
287052
287042
287041
287024
287022
287021
287019
287013
287012
287006
286997
286994
286985
286983
286977
286976
286972
286970
286963
286961
286959
286945
286938
286936
286934
286930
286919
286916
286914
286913
286911
286910
286909
286908
286902
286888
286882
286876
286869
286868
286863
286860
286853
286844
286842
286832
286823
286791
286784
286777
286773
286733
286730
286729
286718
286715
286712
286711
286706
286696
286678
286672
286668
286667
286646
286645
286636
286601
286595
286587
286571
286567
286566
286564
286563
286558
286510
286496
286494
286491
286490
286479
286458
286457
286451
286442
286418
286415
286400
286391
286389
286388
286371
286368
286352
286341
286331
286322
286319
286300
286284
286281
286279
286272
286270
286261
286217
286204
286203
286198
286182
286177
286175
286171
286162
286159
286148
286140
286132
286120
286112
286108
286085
286073
286069
286063
286061
286055
286051
286049
286043
286039
286037
286036
286033
286022
286020
286019
286018
286015
286014
286006
286001
285999
285996
285995
285991
285985
285972
285971
285965
285958
285930
285923
285917
285916
285912
285909
285906
285883
285882
285877
285876
285874
285865
285856
285846
285841
285838
285832
285824
285820
285807
285801
285795
285791
285790
285775
285759
285740
285725
285716
285701
285689
285686
285685
285677
285676
285672
285669
285667
285664
285659
285656
285648
285631
285629
285628
285626
285625
285621
285607
285604
285597
285581
285577
285574
285571
285570
285568
285562
285561
285547
285546
285542
285537
285533
285520
285517
285516
285502
285501
285498
285494
285481
285464
285462
285453
285439
285433
285432
285419
285412
285411
285410
285407
285406
285401
285400
285388
285374
285373
285366
285344
285335
285332
285318
285314
285311
285309
285299
285296
285290
285287
285282
285280
285276
285272
285265
285254
285246
285242
285239
285237
285236
285230
285228
285223
285224
285211
285209
285207
285189
285179
285174
285171
285169
285161
285159
285158
285155
285152
285145
285142
285139
285137
285129
285123
285119
285107
285106
285104
285102
285097
285096
285090
285087
285083
285082
285078
285070
285066
285065
285051
285050
285039
285036
285033
285031
285027
285019
285017
285015
285014
285012
285008
285007
285000
284997
284996
284989
284987
284986
284985
284975
284971
284970
284966
284964
284959
284958
284956
284944
284943
284942
284938
284934
284932
284919
284914
284913
284911
284902
284899
284897
284890
284888
284887
284884
284882
284870
284867
284866
284865
284864
284856
284854
284847
284845
284841
284835
284832
284831
284826
284824
284821
284818
284811
284800
284794
284790
284786
284782
284771
284764
284760
284753
284749
284748
284742
284738
284730
284728
284726
284722
284718
284715
284712
284710
284705
284702
284701
284700
284690
284684
284682
284678
284661
284659
284657
284654
284643
284642
284631
284630
284627
284625
284623
284618
284616
284610
284611
284605
284600
284594
284591
284583
284579
284578
284577
284571
284562
284547
284544
284532
284524
284523
284521
284520
284514
284513
284508
284506
284504
284502
284501
284484
284481
284480
284478
284475
284471
284470
284468
284458
284453
284452
284450
284448
284449
284440
284438
284421
284420
284418
284415
284414
284410