309258
309259
309262
309267
309271
309281
309284
309294
309295
309306
309317
309327
309361
309366
309368
309383
309387
309392
309406
309408
309413
309414
309415
309419
309424
309425
309436
309441
309443
309448
309456
309460
309473
309476
309477
309478
309489
309490
309491
309501
309506
309513
309528
309537
309543
309545
309551
309559
309562
309563
309568
309571
309581
309587
309588
309600
309601
309619
309626
309675
309679
309704
309706
309707
309710
309724
309755
309776
309779
309789
309802
309820
309822
309827
309833
309837
309856
309865
309882
309892
309895
309966
309967
309969
280742
280971
282981
283929
287560
288865
291100
291241
293224
293610
293618
294285
295387
295607
296292
296456
296934
297525
297656
297665
297976
298290
298351
298442
298476
298482
298878
298995
299440
299589
299628
299733
299755
299910
299946
299964
300342
300542
300552
300589
300758
300814
300845
300876
301155
301353
301674
301677
301797
301814
301980
301983
301984
301986
301991
302742
303425
303509
303520
303828
303909
303994
304313
304380
304782
304816
304838
304909
305046
305056
305111
305179
305185
305198
305358
305389
305604
305617
305618
305621
306114
306312
306353
306444
306452
306483
306591
306600
306772
306875
306878
306884
306912
306914
306919
306921
306944
306988
307031
307056
307072
307073
307074
307110
307129
307143
307147
307163
307211
307240
307358
307420
307450
307497
307508
307546
307560
307613
307623
307644
307668
307694
307711
307715
307747
307752
307779
307810
307811
307822
307824
307890
307899
307912
307919
307955
307956
307957
308031
308034
308036
308038
308051
308152
308175
308200
308209
308213
308259
308262
308264
308300
308301
308310
308313
308334
308347
308357
308358
308359
308393
308424
308431
308440
308471
308475
308481
308536
308594
308618
308668
308793
308823
308869
308884
308886
308895
308922
308956
308960
308963
308973
308997
308998
309012
309013
309022
309025
309027
309038
309097
309108
309110
309120
309134
309142
309181
309206
309229
309254
309256
309263
309264
309278
309292
309312
309319
309325
309333
309335
309373
309401
309432
309440
309462
309514
309527
309533
309540
309572
309573
309580
309583
309586
309596
309608
309620
309624
309637
309691
309697
309730
309737
309738
309746
309750
309773
309777
309826
309830
309835
309849
309853
309857
309858
309867
309869
309910
309922
309927
309942
309944
309945
309955
309980
309981
309996
310010
310031
310043
310077
310081
310082
310090
310101
310123
310137
310144
310147
310148
310151
310158
310163
310166
310168
310173
310187
310192
310194
310200
310205
310226
310235
310243
310253
310261
310275
310289
310295
310303
310313
310336
310373
310397
310412
310416
310419
310430
310440
310506
310536
310577
310643
310645
310653
310654
310693
310700
310701
310702
310709
310712
310716
310720
310740
310751
310767
310769
310771
310774
310780
310783
310790
310800
310805
310838
310846
310857
310864
310879
310883
310887
310889
310890
310892
310894
310895
310899
310908
310914
310916
310919
310923
310926
310929
310930
310932
310952
310953
310954
310957
310963
310964
310966
310967
310979
310989
310992
311005
311007
311016
311017
311018
311019
311020
311022
311023
311027
311029
311030
311031
311050
311051
311058
311069
311072
311083
311087
311089
311093
311099
311103
311108
311113
311117
311122
311127
311137
311139
311141
311142
311145
311150
311151
311152
311153
311154
311157
311160
311168
311169
311171
311174
311183
311186
311203
311205
311211
311217
311223
311239
311248
311249
311268
311275
311279
311300
311302
311303
311308
311320
311323
311324
311326
311329
311333
311340
311343
311347
311349
311353
311355
311358
311359
311361
311362
311366
311369
311399
311400
311405
311407
311409
311413
311416
311421
311424
311425
311439
311461
311466
311467
311468
311469
311477
311478
311479
311493
311503
311504
311506
311507
311513
311518
311519
311520
311525
311528
311531
311534
311547
311557
311582
311587
311596
311607
311608
311613
311614
311616
311622
311633
311634
311635
311636
311648
311653
311659
311663
311668
311671
311679
311681
311684
311685
311687
311690
311702
311706
311709
311722
311725
311730
311732
311749
311751
311752
311756
311761
311763
311765
311768
311769
311774
311781
311783
311786
311789
311790
311810
311815
311827
311830
311832
311838
311843
311844
311846
311849
311852
311854
311861
311864
311872
311875
311879
311880
311889
311900
311902
311911
311915
311924
311926
311935
311946
311953
311964
311973
311979
311988
311994
311995
312000
312009
312022
312029
312039
312040
312049
312064
312066
312073
312082
312096
312097
312098
312112
312119
312126
312138
312142
312154
312160
312175
312177
312189
312198
312201
312202
312207
312216
312218
312222
312234
312235
312237
312244
312252
312256
312260
312272
312277
312279
312286
312288
312302
312304
312317
312320
312324
312328
312335
312358
312362
312364
312368
312398
312406
312408
312414
312418
312424
312434
312438
312443
312446
312448
312472
312483
312485
312488
312490
312502
312505
312511
312520
312525
312540
312542
312564
312619
312628
312640
312648
312694
312698
312704
312705
312716
312720
312724
312726
312726
312733
312752
312754
312757
312771
312783
312792
312809
312827
312831
312837
312847
312857
312858
312867
312880
312883
312892
312907
312908
312920
312921
312925
312928
312930
312931
312944
312947
312949
312970
312976
312987
312992
313045
313075
313078
313090
313104
313123
313131
313134
313137
313141
313143
313151
313170
313186
313199
313215
313233
313282
313291
313315
313320
313339
313341
313372
313402
313429
313433
313450
313466
286112
288340
288519
288968
289084
289160
290532
291323
291870
293162
293167
293580
293653
293662
293668
293722
293728
295333
295334
295336
295340
295583
296063
297741
299929
299932
300169
300629
302053
302113
302114
302329
302333
302807
303022
303178
303184
303190
303333
303926
304420
304538
304541
304544
304763
304801
305156
305176
305629
305799
305870
305872
305874
305876
305877
305880
306510
306543
306580
306832
306922
307012
307152
307310
307443
307447
307583
307637
307702
307939
308104
308105
308146
308306
308306
308423
308746
308804
308920
308982
309081
309300
309429
309546
309615
309628
309664
309709
309729
309814
309861
310014
310030
310068
310133
310199
310211
310278
310375
310455
310481
310485
310554
310862
310903
310965
310970
310971
310978
311008
311014
311028
311044
311048
311082
311114
311118
311131
311133
311184
311188
311189
311191
311194
311222
311224
311288
311350
311356
311427
311428
311437
311452
311524
311526
311527
311554
311651
311654
311658
311670
311675
311701
311717
311720
311723
311724
311776
311794
311800
311812
311825
311845
311856
311904
311912
311917
311944
311959
311992
311993
312011
312032
312054
312087
312104
312133
312156
312174
312184
312205
312267
312314
312318
312321
312343
312400
312476
312481
312498
312572
312589
312591
312596
312599
312604
312607
312623
312643
312645
312655
312689
312692
312723
312732
312750
312756
312834
312853
312878
312881
312884
312885
312886
312888
312899
312902
312909
312911
312917
312919
312941
312968
313009
313019
313060
313103
313105
313116
313139
313167
313210
313214
313223
313262
313272
313353
313357
313363
313366
313368
313370
313411
313418
313446
313458
313500
313504
313541
313552
313557
313564
313566
313569
313585
313586
313592
313593
313616
313657
313691
313695
313725
313847
313878
313899
313959
313976
313980
314001
314060
314115
314119
314234
314272
314289
314322
314327
314340
314341
314356
314392
314399
314400
314408
314411
314415
314419
314426
314437
314442
314443
314444
314445
314450
314451
314478
314495
314508
314512
314516
314517
314522
314525
314528
314539
314541
314542
314545
314548
314569
314571
314576
314577
314589
314595
314600
314615
314619
314640
314651
314679
314687
314695
314720
314721
314727
314734
314737
314743
314745
314748
314750
314755
314758
314759
314769
314774
314783
314784
314786
314790
314793
314799
314803
314830
314832
314834
314835
314836
314837
314843
314855
314857
314868
314869
314880
314882
314885
314889
314891
314892
314893
314897
314904
314910
314933
314953
314956
314998
314999
315003
315009
315010
315023
315031
315035
315073
315074
315083
315087
315098
315101
315103
315119
315129
315138
315143
315145
315149
315151
315153
315172
315176
315177
315181
315183
315185
315194
315203
315204
315212
315227
315241
315318
315341
315369
315420
315460
315474
315535
315623
315628
315633
315649
315697
315734
315763
315769
315845
315854
315862
315873
315911
315960
316026
316030
316032
316077
316139
316171
316188
316231
316241
316262
316271
316276
316285
316290
316317
316415
316454
316488
316515
316520
316539
316551
316616
316662
316679
316772
316776
316818
316841
316848
316894
316901
316983
317017
317029
317030
317046
317061
317062
317063
317087
317104
317117
317129
317148
317181
317191
317207
317241
317281
317291
317304
317324
317334
317364
317420
317432
317445
317446
317459
317464
317465
317466
317484
317487
317528
317561
317581
317605
317624
317632
317857
317878
317962
318024
318082
318092
318100
318188
318203
318326
318370
318374
318417
318452
318480
318505
318646
318655
318679
318778
318801
318893
318925
318962
318975
318981
319077
319134
319154
319162
319215
319226
319370
319395
319396
319409
319450
319588
319626
319641
319670
319705
319723
319736
319747
288230
290562
291597
291841
295409
296075
298734
299448
302128
302397
303338
303556
305684
306360
307669
307707
307815
308142
308151
308628
308859
308930
309062
309411
309458
309521
309616
309715
310167
310175
310181
310184
310198
310257
310266
310711
310875
310933
310984
311026
311202
311377
311509
311543
311605
311921
311947
311968
312014
312167
312193
312197
312273
312274
312342
312352
312357
312519
312536
312580
312634
312657
312672
312719
312765
312776
312781
312785
312791
312875
312980
313029
313041
313057
313087
313165
313324
313404
313538
313556
313628
313630
313815
313901
313937
313957
313996
314003
314236
314473
314491
314509
314714
314739
314760
314862
314871
314896
314945
314973
315001
315002
315021
315070
315088
315122
315127
315191
315213
315367
315506
315567
315612
315739
315956
315963
315974
315981
315987
315996
316060
316104
316256
316279
316364
316374
316410
316507
316513
316523
316524
316525
316527
316547
316700
316751
316780
316854
316881
316989
317004
317005
317016
317238
317267
317411
317568
317608
317628
317685
317697
317707
317890
317979
318010
318068
318109
318144
318228
318250
318286
318360
318421
318430
318512
318725
318908
318934
318970
319039
319084
319110
319140
319187
319230
319239
319319
319468
319488
319534
319655
319673
319706
319764
319823
319829
319853
319943
319956
319968
320020
320113
287471
288966
297176
299692
302134
303092
307293
308116
309349
309937
310026
310435
311545
311703
311738
311807
311862
312122
312257
312433
312621
312706
312711
312749
312795
312805
312836
312913
312940
313097
313244
313286
313635
313690
313700
314029
314131
314204
314206
314207
314209
314212
314232
314298
314342
314753
314901
315075
315220
315600
315626
315630
315807
315945
315955
316025
316036
316045
316046
316397
316451
316475
316807
316810
316921
317034
317088
317503
317577
317617
317650
317948
317957
318110
318127
318136
318174
318182
318204
318265
318277
318279
318383
318394
318454
318583
318592
318788
318959
318972
319008
319225
319264
319302
319407
319453
319507
319559
319684
319887
319967
320077
289548
295965
296635
300211
300980
301288
301307
302147
306573
307986
308603
310258
310352
311389
311456
311488
311516
313221
313334
313605
314290
314612
314767
314810
314847
315026
315226
315614
315866
315931
316121
316452
316656
316660
317089
317426
317947
318163
318434
319029
319285
319296
319316
319466
319475
319651
319856
319917
319932
320004
321136
290698
295917
296540
296834
299687
299757
302625
304332
305472
307851
309712
309921
309950
310029
310318
310760
310983
311167
312953
312961
313127
313337
313365
313389
314343
314688
314879
315042
315059
315257
315422
315450
315779
315790
315816
315932
315969
316207
316429
316506
316583
316595
316705
317051
317216
317345
317370
317410
317424
317570
317881
318032
318409
318447
318922
319028
319321
319397
319405
319447
319477
319478
319583
319586
319593
319689
319695
319792
319835
319900
319983
320912
321079
298554
299867
300367
303181
307302
307379
310642
310788
310832
311837
312798
312971
313229
313328
313495
313565
313749
314028
314318
314736
315228
315361
315421
315781
316095
316107
316152
317037
317169
317399
317430
317714
318663
318687
318719
318798
318816
318967
319177
319185
319193
319204
319391
319513
319580
319643
319644
319708
320214
290525
296016
297857
301095
303836
306736
306933
307132
307185
307188
308506
309178
310406
310515
311473
311855
312436
312794
312826
313160
313676
313679
313761
313799
313840
313888
313997
314019
314142
314145
314266
314867
314907
315072
315216
315231
315461
315522
315526
315615
315617
315629
315700
315774
315783
315786
315789
315810
315815
315818
315840
315876
315888
315890
315892
315913
316097
316222
316245
316379
316383
316387
316460
316462
316464
316543
316545
316584
316590
316592
316594
316597
316604
316609
316614
316619
316620
316622
316623
316624
316812
316905
316915
316923
316927
316933
316996
316998
317158
317246
317251
317282
317319
317380
317479
317495
317690
317696
317701
317705
317711
317717
317722
317724
317741
317843
317846
317849
317864
317871
318000
318087
318111
318148
318292
318398
318427
318477
318746
318797
318861
318961
319013
319066
319200
319444
319527
319557
319594
319601
319657
319660
319744
319749
319788
319793
319794
319820
319876
320007
320016
320025
320035
320046
320054
320063
320075
320081
320213
321474
289465
307817
309992
313497
313608
313660
313875
313877
314015
314017
314127
314763
314777
315267
315402
315455
315910
315920
315929
315946
316071
316108
316119
316206
316320
316350
316395
316424
316427
316439
316448
316612
316618
316713
316833
316950
316988
317086
317421
317475
317726
317837
318091
318118
318131
318145
318486
318769
319218
319247
319251
319270
319304
319312
319484
319647
319661
319899
319972
320015
322163
323233